{
 "cells": [
  {
   "cell_type": "code",
   "execution_count": 1,
   "metadata": {
    "collapsed": true
   },
   "outputs": [],
   "source": [
    "import datetime\n",
    "import pandas as pd\n",
    "import time\n",
    "import requests\n",
    "import os\n",
    "import numpy as np"
   ]
  },
  {
   "cell_type": "code",
   "execution_count": 2,
   "metadata": {
    "collapsed": true
   },
   "outputs": [],
   "source": [
    "# TODOs:\n",
    "\n",
    "# PNL reporting/collecting relevant statistics for visualizations from our simulations\n",
    "\n",
    "# Longer time horizons. Only weight according to n most recent time steps\n",
    "\n",
    "# Benchmarks: \n",
    "## - Buy and hold market index (Dow Jones)\n",
    "## - Constantly Rebalanced Portfolio (maintain equal weights of each asset at all times)\n",
    "\n",
    "# Non-fractional shares\n",
    "\n",
    "# Contexts\n",
    "\n",
    "# Other trading strategies\n",
    "## Fundamentals-based strategies (need to get more data for this)\n",
    "\n"
   ]
  },
  {
   "cell_type": "markdown",
   "metadata": {},
   "source": [
    "### Simulation runner"
   ]
  },
  {
   "cell_type": "code",
   "execution_count": 21,
   "metadata": {},
   "outputs": [
    {
     "data": {
      "text/plain": [
       "['AAPL', 'INTC', 'CSCO', 'HD', 'GS']"
      ]
     },
     "execution_count": 21,
     "metadata": {},
     "output_type": "execute_result"
    }
   ],
   "source": [
    "path_to_data = \"data/djia_20000101_20171101/\"\n",
    "start_date = \"2001-01-01\"\n",
    "stdevs = {}\n",
    "for f in os.listdir(path_to_data):\n",
    "    df = pd.read_csv(path_to_data+f)\n",
    "    df = df[df[\"date\"] < start_date]\n",
    "    df[\"return\"] = (df[\"adj_close\"] - df[\"adj_close\"].shift(1))/df[\"adj_close\"].shift(1)\n",
    "    stdevs[f] = df[\"return\"].std()\n",
    "\n",
    "assets = [f.split(\".\")[0].upper() for f in sorted(stdevs, key=stdevs.get, reverse=True)[:5]]\n",
    "files"
   ]
  },
  {
   "cell_type": "code",
   "execution_count": 33,
   "metadata": {
    "collapsed": true
   },
   "outputs": [],
   "source": [
    "\n",
    "class SimulationEnv(object):\n",
    "    \n",
    "    def __init__(self, wealth, assets, \n",
    "                 path_to_data, start_date, end_date,\n",
    "                 agent_type, expert_type, max_assets=50, reinvest=False):\n",
    "\n",
    "        self.init_wealth = wealth\n",
    "        self.wealth = wealth\n",
    "        self.assets = assets\n",
    "        self.agent_type = agent_type\n",
    "        self.start_date = start_date\n",
    "        self.expert_type = expert_type\n",
    "        self.path_to_data = path_to_data\n",
    "        self.reinvest = reinvest\n",
    "        self.max_assets = max_assets\n",
    "        ## TODO: \n",
    "        ## - specify start and end date for simulation\n",
    "        ## - collect statistics on simulation results\n",
    "        \n",
    "        return\n",
    "    \n",
    "    \n",
    "    ## To be called before running a simulation - initialize experts, agents, and initial position, etc.\n",
    "\n",
    "    def setup_params(self, agent_args={}, expert_args={}):\n",
    "        \n",
    "        stdevs = {}\n",
    "        for f in os.listdir(self.path_to_data):\n",
    "            df = pd.read_csv(self.path_to_data+f)\n",
    "            df = df[df[\"date\"] < self.start_date]\n",
    "            df[\"return\"] = (df[\"adj_close\"] - df[\"adj_close\"].shift(1))/df[\"adj_close\"].shift(1)\n",
    "            stdevs[f] = df[\"return\"].std()\n",
    "\n",
    "        self.assets = [f.split(\".\")[0].upper() for f in sorted(stdevs, key=stdevs.get, reverse=True)[:self.max_assets]]\n",
    "        \n",
    "        self.experts = [self.expert_type(a, self.path_to_data, **expert_args) for a in self.assets]\n",
    "        self.agent = self.agent_type(self.experts, **agent_args)\n",
    "        self.positions = [weight * self.wealth for weight in self.agent.weights]\n",
    "        \n",
    "        ## TODO: \n",
    "        # do various other stuff here like for select for high-volatility stocks or something\n",
    "        # exception handling\n",
    "        # Need to make sure data files are in sync\n",
    "        \n",
    "        return\n",
    "        \n",
    "    ## Run simulation\n",
    "    def run(self):\n",
    "        ## Warmup period: \n",
    "        ## i.e. for strategies involving moving average indicators, wait until we have enough data to calculate MA\n",
    "        for expert in self.agent.experts:\n",
    "            expert.warmup()\n",
    "        \n",
    "        ## Simulation: Go until data iterators reach the end\n",
    "        while True:\n",
    "            try:\n",
    "                ## Update experts with last period's rewards\n",
    "                for i, expert in enumerate(self.agent.experts):\n",
    "                    expert.update()\n",
    "                    if self.reinvest:# below is to redistribute unallocated money\n",
    "                        if expert.pick == False:\n",
    "                            extra_money = self.positions[i]\n",
    "                            self.positions[i] = 0\n",
    "                            distribute = np.greater(self.positions, 0)\n",
    "                            if not np.any(distribute): # this is to avoid divide by zero if nothing is invested\n",
    "                                #print(\"all experts say not to buy\")\n",
    "                                self.positions = [weight * self.wealth for weight in self.agent.weights]\n",
    "                            else:\n",
    "                                distribute_extra_money = distribute * (extra_money/ np.sum(distribute))\n",
    "                                self.positions = np.add(self.positions, distribute_extra_money)\n",
    "                            assert(abs(np.sum(self.positions)-self.wealth) <= 1)# make sure all money is accounted for\n",
    "                      \n",
    "                ## Update agent accordingly (i.e. for Hedge, update weights according to each expert's reward in the last period)\n",
    "                self.agent.update()\n",
    "                \n",
    "                ## Update position with returns from last period\n",
    "                self.positions = self.positions * (1 + self.agent.returns)\n",
    "                self.wealth = np.sum(self.positions)\n",
    "                \n",
    "                print self.agent.weights\n",
    "                ## Rebalance according to new, updated weights\n",
    "                ## TODO: only allow non-fractional shares to be purchased (?)\n",
    "                if np.sum(self.agent.weights) == 1:\n",
    "                    self.positions = [weight * self.wealth for weight in self.agent.weights]\n",
    "            except StopIteration:\n",
    "                break\n",
    "\n"
   ]
  },
  {
   "cell_type": "markdown",
   "metadata": {},
   "source": [
    "### Base classes\n",
    "\n",
    "Base classes for agents and experts to be implemented by us"
   ]
  },
  {
   "cell_type": "code",
   "execution_count": 25,
   "metadata": {},
   "outputs": [],
   "source": [
    "from abc import ABCMeta, abstractmethod\n",
    "\n",
    "class Agent(object):\n",
    "    __metaclass__ =ABCMeta\n",
    "    \n",
    "    @abstractmethod\n",
    "    def __init__(self):\n",
    "        pass\n",
    "    \n",
    "    @abstractmethod\n",
    "    def update(self):\n",
    "        pass\n",
    "    \n",
    "    @abstractmethod\n",
    "    def act(self):\n",
    "        pass\n",
    "    \n",
    "class Expert(object):\n",
    "    __metaclass__=ABCMeta\n",
    "    \n",
    "    @abstractmethod\n",
    "    def __init__(self, reward_data):\n",
    "        pass\n",
    "    \n",
    "    @abstractmethod\n",
    "    def update(self):\n",
    "        pass\n",
    "    \n",
    "class Context(object):\n",
    "    __metaclass__=ABCMeta\n",
    "    \n",
    "    @abstractmethod\n",
    "    def __init__(self, context_data):\n",
    "        pass\n",
    "    \n",
    "    @abstractmethod\n",
    "    def observe(self):\n",
    "        pass"
   ]
  },
  {
   "cell_type": "markdown",
   "metadata": {},
   "source": [
    "### Agents\n",
    "\n",
    "Implementations of different online portfolio selection algorithms\n",
    "* Exponential Gradient\n",
    "* Exponential Gradient (recent history only)"
   ]
  },
  {
   "cell_type": "code",
   "execution_count": 26,
   "metadata": {},
   "outputs": [],
   "source": [
    "from queue import Queue\n",
    "from collections import deque\n",
    "\n",
    "## EG. (http://www.cis.upenn.edu/~mkearns/finread/helmbold98line.pdf)\n",
    "class EG(Agent):\n",
    "    \n",
    "    ## Initialize with a set of experts\n",
    "    def __init__(self, experts, eta):\n",
    "        self.eta = eta\n",
    "        self.experts = experts\n",
    "        self.weights = np.ones(len(self.experts))/len(self.experts)\n",
    "        self.rewards = None\n",
    "        self.returns = None\n",
    "        return\n",
    "    \n",
    "    ## Update the agent's rewards and its weights for each expert\n",
    "    def update(self):\n",
    "        self.rewards = np.asarray([e.reward for e in self.experts])\n",
    "        self.returns = np.asarray([e.returns for e in self.experts])\n",
    "        multipliers = np.exp(self.eta * self.rewards/np.sum(self.weights * self.rewards))\n",
    "        self.weights = (self.weights * multipliers)/ np.sum(self.weights * multipliers)\n",
    "        self.weights = np.nan_to_num(self.weights)\n",
    "\n",
    "        return\n",
    "    \n",
    "    def act(self):\n",
    "        return self.weights\n",
    "\n",
    "\n",
    "class EGRecent(Agent):\n",
    "    \n",
    "    ## Initialize with a set of experts\n",
    "    def __init__(self, experts, eta, n):\n",
    "        self.eta = eta\n",
    "        self.experts = experts\n",
    "        #self.weights = Queue(maxsize=n)\n",
    "        self.weights = np.ones(len(self.experts))/len(self.experts)\n",
    "        self.rewards = deque(maxlen=n)\n",
    "        self.returns = None\n",
    "        self.t = 0\n",
    "        self.n = n\n",
    "        #self.rewards = None\n",
    "        #self.returns = None\n",
    "        return\n",
    "    \n",
    "    ## Update the agent's rewards and its weights for each expert\n",
    "    def update(self):\n",
    "           \n",
    "        self.rewards.append(np.asarray([e.reward for e in self.experts]))\n",
    "        self.returns = np.asarray([e.returns for e in self.experts])\n",
    "        \n",
    "        self.weights = np.ones(len(self.experts))/len(self.experts)\n",
    "        #print self.t\n",
    "        #print len(self.rewards)\n",
    "        for rewards in self.rewards:\n",
    "            rewards = np.asarray(rewards)\n",
    "            multipliers = np.exp(self.eta * rewards/np.sum(self.weights * rewards))\n",
    "            self.weights = (self.weights * multipliers)/ np.sum(self.weights * multipliers)\n",
    "            self.weights = np.nan_to_num(self.weights)\n",
    "        self.t += 1\n",
    "        #print self.t\n",
    "        \n",
    "        return\n",
    "    \n",
    "    def act(self):\n",
    "        return self.weights\n",
    "    \n",
    "      \n",
    "        "
   ]
  },
  {
   "cell_type": "markdown",
   "metadata": {},
   "source": [
    "More agents to serve as naive/benchmark portfolio allocation algorithms:\n",
    "* Equal-weighted buy and hold\n",
    "* Market-weighted buy and hold\n",
    "* Constantly rebalanced portfolio\n"
   ]
  },
  {
   "cell_type": "code",
   "execution_count": 27,
   "metadata": {
    "collapsed": true
   },
   "outputs": [],
   "source": [
    "## Some other examples of agents to use as benchmarks \n",
    "\n",
    "class NaiveBuyHold(Agent):\n",
    "    \n",
    "    def __init__(self, experts):\n",
    "        self.experts = experts\n",
    "        self.weights = np.ones(len(self.experts))/len(self.experts)\n",
    "        self.rewards = None\n",
    "        return\n",
    "    \n",
    "    def update(self):\n",
    "        self.rewards = np.asarray([e.reward for e in self.experts])\n",
    "        self.returns = self.rewards\n",
    "        return\n",
    "    \n",
    "    def act(self):\n",
    "        return self.weights\n",
    "    \n",
    "## TODO\n",
    "class WeightedBuyHold(Agent):\n",
    "    \n",
    "    def __init__(self):\n",
    "        return\n",
    "    \n",
    "    def update(self):\n",
    "        return\n",
    "    \n",
    "    def act(self):\n",
    "        return\n",
    "    \n",
    "\n",
    "## TODO\n",
    "class ConstantRebalancer(Agent):\n",
    "    \n",
    "    def __init__(self):\n",
    "        return\n",
    "    \n",
    "    def update(self):\n",
    "        return\n",
    "    \n",
    "    def act(self):\n",
    "        return\n"
   ]
  },
  {
   "cell_type": "markdown",
   "metadata": {},
   "source": [
    "### Experts\n",
    "\n",
    "* Dummy\n",
    "* Mean Reversion\n",
    "* Momentum"
   ]
  },
  {
   "cell_type": "code",
   "execution_count": 28,
   "metadata": {
    "collapsed": true
   },
   "outputs": [],
   "source": [
    "\n",
    "## Dummy expert that always pick the same asset\n",
    "class Dummy(Expert):\n",
    "    \n",
    "    ## Expert has a reward associated with its pick\n",
    "    def __init__(self, name, path_to_data):\n",
    "        self.reward = 0.\n",
    "        self.pick = True ## Might not be necessary\n",
    "        self.data = pd.read_csv(path_to_data + name + \".csv\", iterator=True, chunksize=1)\n",
    "        self.last_price = float(self.data.get_chunk(1)[\"adj_close\"])\n",
    "        return\n",
    "    \n",
    "    ## Expert updates its reward \n",
    "    def update(self):\n",
    "        current_price = float(self.data.get_chunk(1)[\"adj_close\"])\n",
    "        self.reward = (current_price - self.last_price)/self.last_price\n",
    "        self.returns = self.reward\n",
    "        self.last_price = current_price\n",
    "        return\n",
    "    \n",
    "    def warmup(self):\n",
    "        pass\n",
    "    \n",
    "\n",
    "class MeanReversion(Expert):\n",
    "    \n",
    "    def __init__(self, name, path_to_data, window_size, threshold):\n",
    "        self.reward = 0.\n",
    "        self.pick = False\n",
    "        self.data = pd.read_csv(path_to_data + name + \".csv\", iterator=True, chunksize=1)\n",
    "        self.last_price = float(self.data.get_chunk(1)[\"adj_close\"])\n",
    "        self.window_size = window_size\n",
    "        self.avg = 0.0\n",
    "        self.std = 0.0\n",
    "        self.threshold = threshold\n",
    "        self.last_n_prices = Queue(maxsize=10)\n",
    "        self.returns = 0.\n",
    "        return\n",
    "    \n",
    "    def warmup(self):\n",
    "        n = 1\n",
    "        while n <= self.window_size:\n",
    "            self.last_n_prices.put(self.last_price)\n",
    "            self.last_price = float(self.data.get_chunk(1)[\"adj_close\"])\n",
    "            n += 1\n",
    "        return\n",
    "        \n",
    "    def update(self):\n",
    "        _ = self.last_n_prices.get()\n",
    "            \n",
    "        self.last_n_prices.put(self.last_price)\n",
    "        self.avg = np.mean(list(self.last_n_prices.queue))\n",
    "        self.std = np.std(list(self.last_n_prices.queue))\n",
    "        \n",
    "        current_price = float(self.data.get_chunk(1)[\"adj_close\"])\n",
    "\n",
    "        ## If self.pick is True, we bought the stock and our reward is whatever the return was in the last period\n",
    "        if self.pick:\n",
    "            self.reward = (current_price - self.last_price)/self.last_price\n",
    "            self.returns = self.reward\n",
    "        else:\n",
    "            self.reward = -(current_price - self.last_price)/self.last_price\n",
    "            self.returns = 0\n",
    "        self.last_price = current_price\n",
    "\n",
    "        if self.last_price <= self.avg - self.threshold * self.std:\n",
    "            self.pick = True\n",
    "        else:\n",
    "            self.pick = False\n",
    "\n",
    "        return\n",
    "    \n",
    "    \n",
    "class Momentum(Expert):\n",
    "    \n",
    "    def __init__(self, name, path_to_data, window_size, threshold):\n",
    "        self.reward = 0.\n",
    "        self.pick = False\n",
    "        self.data = pd.read_csv(path_to_data + name + \".csv\", iterator=True, chunksize=1)\n",
    "        self.last_price = float(self.data.get_chunk(1)[\"adj_close\"])\n",
    "        self.window_size = window_size\n",
    "        self.avg = 0.0\n",
    "        self.std = 0.0\n",
    "        self.threshold = threshold\n",
    "        self.last_n_prices = Queue(maxsize=10)\n",
    "        self.returns = 0.\n",
    "        return\n",
    "    \n",
    "    def warmup(self):\n",
    "        n = 1\n",
    "        while n <= self.window_size:\n",
    "            self.last_n_prices.put(self.last_price)\n",
    "            self.last_price = float(self.data.get_chunk(1)[\"adj_close\"])\n",
    "            n += 1\n",
    "        return\n",
    "        \n",
    "    def update(self):\n",
    "        _ = self.last_n_prices.get()\n",
    "            \n",
    "        self.last_n_prices.put(self.last_price)\n",
    "        self.avg = np.mean(list(self.last_n_prices.queue))\n",
    "        self.std = np.std(list(self.last_n_prices.queue))\n",
    "        \n",
    "        current_price = float(self.data.get_chunk(1)[\"adj_close\"])\n",
    "\n",
    "        ## If self.pick is True, we bought the stock and our reward is whatever the return was in the last period\n",
    "        if self.pick:\n",
    "            self.reward = (current_price - self.last_price)/self.last_price\n",
    "            self.returns = self.reward\n",
    "        else:\n",
    "            self.reward = -(current_price - self.last_price)/self.last_price\n",
    "            self.returns = 0\n",
    "        self.last_price = current_price\n",
    "\n",
    "        if self.last_price >= self.avg - self.threshold * self.std:\n",
    "            self.pick = True\n",
    "        else:\n",
    "            self.pick = False\n",
    "\n",
    "        return\n",
    "  "
   ]
  },
  {
   "cell_type": "markdown",
   "metadata": {},
   "source": [
    "### Contexts"
   ]
  },
  {
   "cell_type": "code",
   "execution_count": 29,
   "metadata": {
    "collapsed": true
   },
   "outputs": [],
   "source": [
    "  \n",
    "class VolContext(Context):\n",
    "    \n",
    "    def __init__(self, data_file, threshold):\n",
    "        self.data = pd.read_csv(data_file, iterator=True, chunksize=1)\n",
    "        self.threshold = threshold\n",
    "        self.contexts = [\"HighVol\", \"LowVol\"]\n",
    "        return\n",
    "    \n",
    "    # Returns a string giving the name of the context\n",
    "    def observe(self):\n",
    "        if float(self.data.get_chunk(1)[\"adj_close\"]) > self.threshold:\n",
    "            return self.contexts[0]\n",
    "        else:\n",
    "            return self.contexts[1]"
   ]
  },
  {
   "cell_type": "code",
   "execution_count": 30,
   "metadata": {
    "collapsed": true
   },
   "outputs": [],
   "source": [
    "stocks = ['AAPL', 'AXP', 'BA', 'CAT', 'CSCO', 'CVX', 'DD', 'DIS', 'GE',\n",
    " 'GS', 'HD', 'IBM', 'INTC', 'JNJ', 'JPM', 'KO', 'MCD', 'MMM', \n",
    "'MRK', 'MSFT', 'NKE', 'PFE', 'PG', 'TRV', 'UNH', 'UTX', 'V', 'VZ', 'WMT', 'XOM']"
   ]
  },
  {
   "cell_type": "code",
   "execution_count": 31,
   "metadata": {
    "collapsed": true
   },
   "outputs": [],
   "source": [
    "initial_wealth = 100000"
   ]
  },
  {
   "cell_type": "code",
   "execution_count": 48,
   "metadata": {},
   "outputs": [
    {
     "name": "stdout",
     "output_type": "stream",
     "text": [
      "[ 0.20141116  0.19945638  0.20028099  0.20020624  0.19864522]\n",
      "[ 0.19898828  0.20131198  0.19877205  0.20223923  0.19868845]\n",
      "[ 0.19891223  0.20347011  0.19751207  0.20194486  0.19816072]\n",
      "[ 0.19868047  0.20373748  0.19718595  0.20102178  0.19937432]\n",
      "[ 0.19909119  0.20195619  0.19658881  0.20324283  0.19912098]\n",
      "[ 0.19883388  0.2000667   0.2007703   0.20078019  0.19954893]\n",
      "[ 0.19932421  0.19756783  0.19792569  0.20534721  0.19983506]\n",
      "[ 0.19730602  0.19821279  0.19870239  0.20556963  0.20020917]\n",
      "[ 0.19755372  0.19821048  0.20115726  0.20293263  0.20014591]\n",
      "[ 0.19558051  0.19456449  0.1995457   0.20685607  0.20345323]\n",
      "[ 0.1968263   0.19373207  0.20120936  0.2030442   0.20518807]\n",
      "[ 0.20242154  0.19014339  0.20408179  0.20225525  0.20109803]\n",
      "[ 0.20145825  0.19129816  0.20471929  0.20133048  0.20119381]\n",
      "[ 0.2037171   0.18904815  0.20270392  0.20454599  0.19998484]\n",
      "[ 0.20724889  0.18371603  0.20292689  0.2061342   0.19997399]\n",
      "[ 0.20500383  0.185319    0.20438138  0.20656279  0.198733  ]\n",
      "[ 0.19668517  0.17585424  0.20022545  0.22619267  0.20104247]\n",
      "[ 0.1955165   0.17858476  0.19998586  0.22284178  0.20307109]\n",
      "[ 0.19273362  0.1798521   0.19936365  0.22299462  0.20505602]\n",
      "[ 0.19212017  0.17791398  0.20068098  0.22352955  0.20575532]\n",
      "[ 0.19329538  0.17678255  0.20027359  0.22575094  0.20389754]\n",
      "[ 0.19921526  0.17146376  0.20627233  0.23429328  0.18875538]\n",
      "[ 0.19940541  0.17223657  0.20442414  0.23560466  0.18832922]\n",
      "[ 0.20053069  0.176081    0.2076592   0.22915949  0.18656962]\n",
      "[ 0.20301436  0.17510042  0.21189467  0.22827849  0.18171206]\n",
      "[ 0.20226454  0.17776716  0.21223309  0.22024155  0.18749366]\n",
      "[ 0.20936757  0.18091381  0.21775533  0.19721948  0.19474381]\n",
      "[ 0.20865423  0.18015651  0.21752314  0.19719343  0.19647268]\n",
      "[ 0.20740029  0.17919773  0.2199833   0.19830845  0.19511024]\n",
      "[ 0.2089718   0.18412129  0.21847108  0.19432475  0.19411108]\n",
      "[ 0.21038507  0.17752055  0.21970188  0.19987599  0.19251651]\n",
      "[ 0.21230563  0.17509572  0.22106281  0.20135488  0.19018096]\n",
      "[ 0.21228558  0.17635029  0.22115284  0.20134219  0.18886911]\n",
      "[ 0.21190365  0.1801695   0.21940456  0.1940888   0.19443349]\n",
      "[ 0.21524018  0.18116951  0.21604318  0.2014375   0.18610963]\n",
      "[ 0.21570405  0.18621033  0.21806465  0.18755217  0.1924688 ]\n",
      "[ 0.21893401  0.17811396  0.2214922   0.19866408  0.18279575]\n",
      "[ 0.21968533  0.17900316  0.22298771  0.19646575  0.18185805]\n",
      "[ 0.22099285  0.18798873  0.21539577  0.19319571  0.18242694]\n",
      "[ 0.21765821  0.1874436   0.21541885  0.19588019  0.18359915]\n",
      "[ 0.21741282  0.18931683  0.21786862  0.19518479  0.18021694]\n",
      "[ 0.22032805  0.18906132  0.22156554  0.18838263  0.18066245]\n",
      "[ 0.21845532  0.18868043  0.22323829  0.19057372  0.17905224]\n",
      "[ 0.21701936  0.18952228  0.22370766  0.19131357  0.17843713]\n",
      "[ 0.21555324  0.1897526   0.22645361  0.18976359  0.17847697]\n",
      "[ 0.21567248  0.19915965  0.23842711  0.16983752  0.17690324]\n",
      "[ 0.35320595  0.2430306   0.15874251  0.10235581  0.14266513]\n",
      "[ 0.38767903  0.22658104  0.16178914  0.09627721  0.12767358]\n",
      "[ 0.30654647  0.13878067  0.40048619  0.06476155  0.08942512]\n",
      "[ 0.31043566  0.1402064   0.3941394   0.06632482  0.08889372]\n",
      "[ 0.31079156  0.13941136  0.39486217  0.0666463   0.0882886 ]\n",
      "[ 0.31275988  0.1389536   0.39314876  0.0669452   0.08819257]\n",
      "[ 0.30949264  0.13597759  0.39836906  0.06884687  0.08731384]\n",
      "[ 0.30820162  0.11344956  0.40878691  0.08362598  0.08593593]\n",
      "[ 0.31175394  0.111962    0.40644177  0.08397224  0.08587005]\n",
      "[ 0.3097433   0.11386879  0.40624839  0.08373533  0.08640418]\n",
      "[ 0.3070655   0.11360321  0.40558413  0.08641226  0.0873349 ]\n",
      "[ 0.30604409  0.11235082  0.40821905  0.08570369  0.08768235]\n",
      "[ 0.30917296  0.11114212  0.40790535  0.08476837  0.0870112 ]\n",
      "[ 0.3105315   0.11074955  0.40728232  0.08463518  0.08680145]\n",
      "[ 0.31528273  0.11119099  0.40217803  0.08507407  0.08627418]\n",
      "[ 0.35687615  0.10618428  0.37938277  0.07775304  0.07980377]\n",
      "[ 0.35444416  0.10635137  0.38142588  0.07784928  0.07992931]\n",
      "[ 0.35715212  0.11573656  0.37637312  0.07458778  0.07615042]\n",
      "[ 0.35742239  0.11014863  0.38136312  0.07448973  0.07657613]\n",
      "[ 0.3590217   0.11010737  0.38132261  0.07307802  0.0764703 ]\n",
      "[ 0.35898816  0.11128121  0.38235804  0.07326423  0.07410836]\n",
      "[ 0.36425658  0.11032784  0.37925997  0.07329545  0.07286016]\n",
      "[ 0.37061446  0.10461343  0.37843225  0.07493922  0.07140064]\n",
      "[ 0.36774142  0.10381524  0.38324545  0.07533755  0.06986033]\n",
      "[ 0.3599174   0.10158403  0.39815419  0.0711749   0.06916948]\n",
      "[ 0.35934348  0.10173139  0.39867564  0.07116808  0.06908141]\n",
      "[ 0.35790854  0.10225276  0.39941564  0.07114529  0.06927777]\n",
      "[ 0.36003128  0.1029399   0.39581042  0.07160814  0.06961026]\n",
      "[ 0.36022761  0.10422441  0.39493407  0.07121453  0.06939938]\n",
      "[ 0.27873882  0.09047367  0.50541609  0.05525688  0.07011453]\n",
      "[ 0.27308433  0.09139973  0.50892491  0.05573137  0.07085965]\n",
      "[ 0.27546282  0.09237064  0.50494174  0.05589424  0.07133056]\n",
      "[ 0.26971441  0.09170502  0.5098681   0.05763804  0.07107443]\n",
      "[ 0.27111936  0.09384423  0.50442125  0.05618422  0.07443095]\n",
      "[ 0.27182829  0.09429786  0.50371679  0.05543653  0.07472054]\n",
      "[ 0.27438547  0.09804229  0.49945673  0.05333232  0.07478318]\n",
      "[ 0.26987655  0.09701008  0.50423037  0.05354116  0.07534184]\n",
      "[ 0.2699747   0.09777446  0.50314028  0.05320164  0.07590891]\n",
      "[ 0.2637632   0.09869256  0.50756184  0.05332879  0.07665361]\n",
      "[ 0.26249546  0.10025419  0.50568779  0.05332514  0.07823743]\n",
      "[ 0.26245576  0.10080358  0.50467471  0.05340481  0.07866114]\n",
      "[ 0.2527886   0.09489265  0.51401742  0.05077163  0.08752969]\n",
      "[ 0.25507971  0.09624412  0.51075198  0.05086814  0.08705604]\n",
      "[ 0.25809021  0.0972446   0.5052587   0.05139455  0.08801194]\n",
      "[ 0.25507562  0.0975749   0.5079622   0.05077796  0.08860932]\n",
      "[ 0.26787091  0.09586248  0.49380599  0.05158457  0.09087604]\n",
      "[ 0.26677965  0.09392525  0.49437241  0.05348335  0.09143934]\n",
      "[ 0.27058351  0.09744034  0.48358634  0.05409496  0.09429485]\n",
      "[ 0.27325838  0.09911287  0.47528359  0.05461595  0.09772922]\n",
      "[ 0.27858003  0.09946024  0.4739583   0.05360235  0.09439908]\n",
      "[ 0.27545079  0.09935415  0.47622361  0.05506486  0.09390658]\n",
      "[ 0.27497033  0.09767643  0.48050134  0.05349018  0.09336172]\n",
      "[ 0.2693198   0.09888954  0.48499486  0.0526252   0.09417059]\n",
      "[ 0.2773434   0.09891945  0.46115942  0.05373374  0.10884399]\n",
      "[ 0.27577509  0.0996206   0.46227199  0.05350071  0.10883162]\n",
      "[ 0.27506822  0.10119571  0.46037249  0.0538695   0.10949409]\n",
      "[ 0.2728632   0.10206947  0.45843548  0.05375461  0.11287724]\n",
      "[ 0.26948151  0.09710668  0.46294444  0.0552896   0.11517777]\n",
      "[ 0.27031603  0.09758904  0.46080504  0.05563001  0.11565989]\n",
      "[ 0.27027887  0.09897726  0.45669913  0.05553469  0.11851005]\n",
      "[ 0.25726679  0.09259838  0.47597705  0.05365817  0.12049962]\n",
      "[ 0.25590686  0.09349665  0.46890154  0.05281899  0.12887596]\n",
      "[ 0.25437568  0.09343238  0.47111764  0.05288643  0.12818787]\n",
      "[ 0.25136191  0.09050977  0.47865264  0.0526978   0.12677788]\n",
      "[ 0.25107818  0.09018515  0.47860999  0.05258498  0.12754171]\n",
      "[ 0.248036    0.09000626  0.4823958   0.0528971   0.12666484]\n",
      "[ 0.24591399  0.08928984  0.48221735  0.05275046  0.12982836]\n",
      "[ 0.24514804  0.09126619  0.48284816  0.05381497  0.12692264]\n",
      "[ 0.24341712  0.09170972  0.48287163  0.05409663  0.12790491]\n",
      "[ 0.2408904   0.0915273   0.48440897  0.05380427  0.12936906]\n",
      "[ 0.24160185  0.090565    0.48665428  0.05327387  0.127905  ]\n",
      "[ 0.24264176  0.0913231   0.48302462  0.05360756  0.12940296]\n",
      "[ 0.24427446  0.09182745  0.47902836  0.05439562  0.1304741 ]\n",
      "[ 0.24692678  0.09032082  0.48275185  0.05420268  0.12579786]\n",
      "[ 0.24591022  0.09162538  0.48094605  0.05421714  0.12730121]\n",
      "[ 0.24636748  0.09180689  0.4798075   0.0543663   0.12765183]\n",
      "[ 0.27009648  0.0960931   0.44391079  0.04832732  0.14157231]\n",
      "[ 0.26926351  0.09779402  0.43915729  0.04792748  0.14585769]\n",
      "[ 0.27167814  0.09854637  0.43336839  0.04834525  0.14806186]\n",
      "[ 0.27419123  0.09626396  0.43787484  0.04833381  0.14333616]\n",
      "[ 0.27584275  0.09819084  0.42983524  0.04858514  0.14754602]\n",
      "[ 0.27832462  0.09783659  0.42894811  0.04815842  0.14673225]\n",
      "[ 0.29026385  0.09996557  0.42315888  0.04376912  0.14284257]\n",
      "[ 0.29214923  0.09980221  0.42295859  0.04221294  0.14287704]\n",
      "[ 0.29183793  0.10069718  0.42233227  0.04220247  0.14293015]\n",
      "[ 0.2925136   0.09742     0.42895564  0.04269135  0.13841939]\n",
      "[ 0.29792624  0.09473106  0.42463911  0.0442765   0.13842709]\n",
      "[ 0.29634361  0.09549257  0.42456547  0.04425934  0.13933901]\n",
      "[ 0.29840714  0.09190759  0.42633089  0.04603822  0.13731616]\n",
      "[ 0.24857757  0.09706732  0.44320646  0.02728364  0.18386502]\n"
     ]
    },
    {
     "name": "stdout",
     "output_type": "stream",
     "text": [
      "[ 0.20619267  0.0754943   0.49825739  0.03473154  0.1853241 ]\n",
      "[ 0.20406908  0.07607602  0.50147135  0.03426974  0.18411381]\n",
      "[ 0.20927331  0.07625464  0.50201073  0.03458775  0.17787357]\n",
      "[ 0.21093835  0.07594398  0.49964267  0.03483205  0.17864296]\n",
      "[ 0.20969957  0.07519328  0.50236071  0.03458246  0.17816397]\n",
      "[ 0.2099369   0.05725768  0.55982326  0.03331091  0.13967125]\n",
      "[ 0.34362261  0.06956465  0.44118176  0.02958182  0.11604916]\n",
      "[ 0.34045502  0.07051136  0.44402536  0.03010591  0.11490235]\n",
      "[ 0.33957428  0.06122365  0.45237487  0.02957837  0.11724882]\n",
      "[ 0.34400562  0.05928986  0.45194225  0.02897781  0.11578446]\n",
      "[ 0.37301929  0.05850594  0.43119339  0.0251391   0.11214227]\n",
      "[ 0.38236089  0.04393699  0.42256331  0.02912926  0.12200955]\n",
      "[ 0.37502322  0.04526957  0.4256221   0.02951067  0.12457443]\n",
      "[ 0.37996728  0.04477659  0.41985055  0.02992977  0.12547583]\n",
      "[ 0.3812717   0.04462925  0.42012275  0.02966415  0.12431214]\n",
      "[ 0.3813808   0.04504867  0.42046386  0.02919346  0.12391321]\n",
      "[ 0.38143403  0.0447647   0.4217209   0.02886325  0.12321712]\n",
      "[ 0.38505729  0.04410745  0.42139516  0.02909972  0.12034037]\n",
      "[ 0.38673163  0.04447925  0.41916099  0.02919037  0.12043776]\n",
      "[ 0.38563543  0.04661142  0.41734282  0.0289149   0.12149542]\n",
      "[ 0.4515461   0.04999277  0.33970614  0.02437382  0.13438117]\n",
      "[ 0.45192973  0.04950183  0.34000538  0.02441327  0.13414979]\n",
      "[ 0.4510938   0.04940285  0.34065326  0.02436616  0.13448394]\n",
      "[ 0.4481648   0.04926516  0.3432876   0.02417672  0.13510571]\n",
      "[ 0.44847751  0.04907593  0.34287695  0.02424463  0.13532498]\n",
      "[ 0.44705065  0.04891785  0.34343847  0.02455505  0.13603798]\n",
      "[ 0.44575531  0.04890705  0.34426244  0.02447247  0.13660273]\n",
      "[ 0.44588942  0.0483398   0.34448787  0.02446634  0.13681657]\n",
      "[ 0.4475959   0.03808011  0.3558001   0.02412593  0.13439796]\n",
      "[ 0.44445212  0.03895149  0.35509047  0.0241604   0.13734552]\n",
      "[ 0.4435968   0.03892986  0.35552584  0.02407247  0.13787504]\n",
      "[ 0.44122363  0.03934781  0.35721352  0.02388323  0.13833181]\n",
      "[ 0.45113802  0.04012599  0.35807762  0.02249381  0.12816456]\n",
      "[ 0.45216136  0.04021918  0.35641687  0.02263437  0.12856822]\n",
      "[ 0.45098019  0.04058542  0.35687019  0.02259628  0.12896792]\n",
      "[ 0.45074001  0.04041992  0.35731648  0.02257725  0.12894634]\n",
      "[ 0.4179477   0.03476218  0.38558882  0.01604386  0.14565744]\n",
      "[ 0.40569324  0.03455527  0.40225332  0.01422349  0.14327467]\n",
      "[ 0.40428589  0.0348896   0.40119024  0.01455129  0.14508299]\n",
      "[ 0.40276683  0.03483219  0.40351916  0.01461971  0.1442621 ]\n",
      "[ 0.40244203  0.0339539   0.40619004  0.01474177  0.14267226]\n",
      "[ 0.40574042  0.03456061  0.40586781  0.01439593  0.13943523]\n",
      "[ 0.4055499   0.03446908  0.40713408  0.01450449  0.13834245]\n",
      "[ 0.40505413  0.03469419  0.40649518  0.01447527  0.13928123]\n",
      "[ 0.37951473  0.02974261  0.4523191   0.01153095  0.12689261]\n",
      "[ 0.38303688  0.02957508  0.45027062  0.01174776  0.12536965]\n",
      "[ 0.38723213  0.03036027  0.45640996  0.01197635  0.1140213 ]\n",
      "[ 0.39039976  0.02987746  0.44883007  0.01216966  0.11872305]\n",
      "[ 0.39145961  0.0298107   0.44771787  0.01217271  0.11883912]\n",
      "[ 0.39183006  0.02961737  0.44774738  0.01329244  0.11751275]\n",
      "[ 0.39159345  0.02929619  0.44822564  0.01335977  0.11752495]\n",
      "[ 0.38351507  0.03025574  0.44797775  0.01364015  0.12461128]\n",
      "[ 0.38333514  0.02995672  0.44835574  0.01372838  0.12462403]\n",
      "[ 0.38461111  0.02999486  0.44756422  0.01385187  0.12397795]\n",
      "[ 0.38820764  0.03002517  0.44332657  0.01397355  0.12446707]\n",
      "[ 0.38882603  0.02749573  0.43737609  0.01462285  0.13167931]\n",
      "[ 0.38897416  0.02738414  0.43764757  0.01488837  0.13110576]\n",
      "[ 0.38393853  0.02732342  0.44324437  0.01623034  0.12926333]\n",
      "[ 0.38645803  0.0272229   0.44162054  0.01628144  0.12841709]\n",
      "[ 0.37883006  0.02611552  0.45603166  0.01679284  0.12222991]\n",
      "[ 0.38628507  0.02550297  0.44931566  0.01748267  0.12141364]\n",
      "[ 0.385487    0.02529333  0.4497283   0.01721292  0.12227845]\n",
      "[ 0.38316609  0.02530569  0.44741168  0.01757652  0.12654002]\n",
      "[ 0.39189199  0.02368409  0.44234826  0.01836686  0.1237088 ]\n",
      "[ 0.39300771  0.02394498  0.44430498  0.01780165  0.12094068]\n",
      "[ 0.38792376  0.02384514  0.45009709  0.01797619  0.12015782]\n",
      "[ 0.38919301  0.02384957  0.44885445  0.01805082  0.12005215]\n",
      "[ 0.38514432  0.02410868  0.45167636  0.01811743  0.12095321]\n",
      "[ 0.37806573  0.02507623  0.45533373  0.01894411  0.12258021]\n",
      "[ 0.38788267  0.02579695  0.44016256  0.0193154   0.12684243]\n",
      "[ 0.3904309   0.02566371  0.43860246  0.01900439  0.12629854]\n",
      "[ 0.38430202  0.0259842   0.44250321  0.01965354  0.12755703]\n",
      "[ 0.36994222  0.02726733  0.44818572  0.01925162  0.13535311]\n",
      "[ 0.37013204  0.02653232  0.44949059  0.01921896  0.13462609]\n",
      "[ 0.36653682  0.02578241  0.4534141   0.01915609  0.13511059]\n",
      "[ 0.36396197  0.02740848  0.45114729  0.01967992  0.13780235]\n",
      "[ 0.36804944  0.03053884  0.43934528  0.02026524  0.1418012 ]\n",
      "[ 0.36856738  0.03099143  0.43613774  0.02044785  0.14385559]\n",
      "[ 0.36234661  0.03021427  0.4489093   0.02048544  0.13804437]\n",
      "[ 0.3550842   0.03127354  0.45247659  0.01911795  0.14204772]\n",
      "[ 0.35623775  0.03248721  0.44560571  0.01958538  0.14608395]\n",
      "[ 0.35838969  0.03228525  0.44625244  0.01973899  0.14333363]\n",
      "[ 0.36977685  0.0336447   0.43533627  0.021384    0.13985818]\n",
      "[ 0.36760521  0.03267461  0.43856982  0.02128098  0.13986938]\n",
      "[ 0.36656214  0.03276301  0.44119729  0.02135022  0.13812735]\n",
      "[ 0.36363373  0.03262993  0.44539807  0.0208374   0.13750087]\n",
      "[ 0.37362004  0.02804854  0.44167016  0.02409805  0.1325632 ]\n",
      "[ 0.36527232  0.03238343  0.45869655  0.02360048  0.12004722]\n",
      "[ 0.36884781  0.03546734  0.45423705  0.02169486  0.11975295]\n",
      "[ 0.37202499  0.03515667  0.45102961  0.02164876  0.12013996]\n",
      "[ 0.36821983  0.03514468  0.45343097  0.02156107  0.12164344]\n",
      "[ 0.46048426  0.02621947  0.39463782  0.01942164  0.09923682]\n",
      "[ 0.46023757  0.02610919  0.39659551  0.01950658  0.09755115]\n",
      "[ 0.45196401  0.02578831  0.4011361   0.0199805   0.10113107]\n",
      "[ 0.45586924  0.02258193  0.40467975  0.01912633  0.09774275]\n",
      "[ 0.4555327   0.02260213  0.40505416  0.01921351  0.0975975 ]\n",
      "[ 0.45433884  0.02274095  0.40538452  0.01915016  0.09838553]\n",
      "[ 0.4578236   0.02217624  0.40438239  0.01918452  0.09643325]\n",
      "[ 0.46211021  0.02203893  0.40334472  0.01936205  0.09314409]\n",
      "[ 0.46838835  0.0221831   0.39547581  0.01966216  0.09429057]\n",
      "[ 0.46685974  0.02134045  0.39863021  0.01962346  0.09354614]\n",
      "[ 0.46858267  0.02135678  0.39628989  0.01967408  0.09409657]\n",
      "[ 0.50176394  0.02384149  0.35710463  0.01942879  0.09786116]\n",
      "[ 0.50767184  0.02584252  0.34692956  0.01898758  0.1005685 ]\n",
      "[ 0.50317317  0.0258876   0.35199039  0.01901299  0.09993584]\n",
      "[ 0.50554643  0.02559482  0.35184573  0.01892563  0.09808739]\n",
      "[ 0.50478749  0.02576699  0.35133647  0.01890583  0.09920322]\n",
      "[ 0.50267701  0.02620734  0.35229512  0.01884065  0.09997988]\n",
      "[ 0.5043755   0.02625829  0.35269785  0.01904172  0.09762665]\n",
      "[ 0.50662068  0.02585114  0.35123331  0.01907186  0.09722301]\n",
      "[ 0.49067814  0.01983153  0.38364165  0.01777452  0.08807416]\n",
      "[ 0.47624463  0.02306275  0.38397706  0.01955775  0.09715781]\n",
      "[ 0.47704868  0.02311735  0.38289308  0.019481    0.09745989]\n",
      "[ 0.47744879  0.02271805  0.38378664  0.01913023  0.09691629]\n",
      "[ 0.47665013  0.02292012  0.38432903  0.01903097  0.09706976]\n",
      "[ 0.479198    0.02304192  0.38047376  0.01922782  0.0980585 ]\n",
      "[ 0.48128224  0.02302944  0.37535554  0.02002386  0.10030893]\n",
      "[ 0.48091459  0.02272277  0.37599519  0.01999193  0.10037552]\n",
      "[ 0.48065246  0.02270588  0.37637403  0.01993612  0.10033152]\n",
      "[ 0.49408245  0.0215256   0.36820359  0.02076209  0.09542628]\n",
      "[ 0.49882961  0.02150244  0.36391824  0.02119676  0.09455295]\n",
      "[ 0.47934512  0.01981434  0.3867139   0.0198008   0.09432584]\n",
      "[ 0.47983975  0.01993066  0.38562336  0.01978744  0.0948188 ]\n",
      "[ 0.47825277  0.01965753  0.387545    0.01978288  0.09476182]\n",
      "[ 0.47877355  0.01976193  0.38643332  0.01987483  0.09515637]\n",
      "[ 0.48024977  0.0195423   0.38520033  0.01999496  0.09501265]\n",
      "[ 0.49671134  0.01669474  0.37227058  0.02032739  0.09399595]\n",
      "[ 0.50898725  0.01582271  0.36287296  0.02077745  0.09153963]\n",
      "[ 0.50795514  0.01581784  0.36382024  0.02061527  0.09179151]\n",
      "[ 0.51082642  0.01574793  0.36217147  0.0206382   0.09061598]\n",
      "[ 0.51204753  0.01526181  0.36246179  0.02072626  0.08950261]\n",
      "[ 0.51353253  0.0153559   0.36080375  0.02040526  0.08990256]\n",
      "[ 0.51376718  0.01522642  0.36215473  0.02052379  0.08832789]\n",
      "[ 0.51095048  0.01535308  0.36439059  0.02054046  0.08876539]\n",
